      74.6177
      85.4457
      96.7578
      107.864
      119.278
      130.776
      141.606
      153.776
      163.772
      174.453
      186.604
      197.621
      209.351
      219.281
      231.052
      242.868
      253.762
      264.501
      275.791
      287.304
      298.259
      310.033
      319.927
      332.009
      342.236
      354.210
      365.453
      375.998
      386.691
      400.759
      410.189
      421.396
      455.668
      466.375
      476.941
      486.492
