      4.18319
      4.20944
      4.01398
      4.13058
      3.60432
      3.52668
      3.49968
      3.40810
      3.81454
      3.87577
      4.19006
      3.42878
      3.57631
      3.60677
      4.24152
      3.50206
      3.66422
      3.58909
      4.16970
      4.07611
      3.73411
      3.46321
      3.57618
      3.95727
      4.00505
      3.61258
      4.01749
      3.61949
      4.71213
      4.25968
      3.87893
      4.40603
      4.24808
      4.57922
      3.61348
      3.36966
