       5.3688088
       3.7089647
       2.8955684
       2.2367552
       2.3630618
       2.4856393
       2.0987153
       2.1707976
       1.7570806
       2.2253261
       1.5136921
       1.4756790
       1.2392015
       1.1534089
       1.2541184
       1.7795012
       1.1257021
       1.0879604
       1.0689708
       1.0447259
       1.0513996
       1.0898460
       1.0512866
       1.0000000
       1.1814697
       1.2065068
       1.1295461
       1.6219324
       2.3636773
       1.9689341
       1.5899587
       2.7017550
       2.2956413
       2.2735513
       2.3339693
       3.9325623
