     -3.56535
     -2.31442
     -3.08058
     -2.52943
     -1.58340
     -1.93924
     -1.30006
     -1.02824
    -0.850616
    -0.354752
    -0.570877
    -0.579578
    -0.487843
   -0.0795670
   -0.0571518
     0.000000
    -0.142540
   -0.0310478
    -0.537895
    -0.438274
     -1.24585
    -0.914787
    -0.872997
     -1.01476
     -1.85670
     -1.17583
     -1.83895
     -2.26936
     -2.10137
     -4.00227
     -3.72562
     -3.27934
     -5.82809
     -5.63774
     -7.29667
     -7.54560
