0
-2
2
2
-2
-2
2
-2
2
-2
2
2
-2
-2
-2
-2
-2
2
0
-0.226574479352528
-2
-0.247979889442867
0
-2
0
0
0
0
0
0
0
0
0
0
0
0
0
0
0
0
0
0
0
0
0
0
0
0
0
0
0
0
0
0
0
0
0
0
0
0
0
0
0
0
0
0
0
0
0
0
0
0
0
0
0
0
0
0
0
0
0
0
0
0
0
0
0
0
0
0
0
0
2
2
0.386834472055196
2
-2
-2
-2
-2
-2
2
-2
-2
-2
2
-2
2
-2
-2
-2
2.75927110808227
-0.259688312816011
2
-0.724094290077466
-0.134211264533387
-2
2
-2
0
0
0
0
0
0
0
0
0
0
0
0
0
0
0
0
0
0
0
0
0
0
0
0
0
0
0
0
0
0
0
0
0
0
0
0
0
0
0
0
0
0
0
0
0
0
0
0
0
0
0
0
0
0
0
0
0
0
0
0
0
0
0
0
-0.262294445065444
2
-0.259066390801462
2
2
2
2
2
0.729950680173374
2
-2
-2
-2
2
-2
2
2
2
-2
2
-2
-2
-2
2
-2
-0.0317627943519664
2
0.412003352659107
2
-2
2
0
0
0
0
0
0
0
0
0
0
0
0
0
0
0
0
0
0
0
0
0
0
0
0
0
0
0
0
0
0
0
0
0
0
0
0
0
0
0
0
0
0
0
0
0
0
0
0
0
0
0
0
0
0
0
0
0
0
0
0
2
2
2
0.5341585913199
-2
2
-2
2
2
2
1.32904143773392
-2
-2
2
-2
-2
-2
2
-2
2
2
2
-2
-2
-2
-2
-2
-0.540728156791614
2
-2
1.35776177095564
-2
0
2
0
0
0
0
0
0
0
0
0
0
0
0
0
0
0
0
0
0
0
0
0
0
0
0
0
0
0
0
0
0
0
0
0
0
0
0
0
0
0
0
0
0
0
0
0
0
0
0
0
0
0
0
0
0
0
0
0
-2
-2
-2
2
2
2
2
2
-2
2
-2
2
0.31498230022171
-2
-2
0.749331192197367
-2
2
-2.71848253559997
-2
-2
2
-2
2
2
2
2
-2
-2
-2
2
-2
2
-1.85035266247588
1.35776177095564
2
-2
2
0
0
0
0
0
0
0
0
0
0
0
0
0
0
0
0
0
0
0
0
0
0
0
0
0
0
0
0
0
0
0
0
0
0
0
0
0
0
0
0
0
0
0
0
0
0
0
0
0
0
0
0
0
2
-2
2
-2
-2
-2
-2
2
-2
2
-2
2
-2
-2
-0.101334842891864
2
-2
-2
2
-2
-0.797167407948517
2
-2
2
-2
2
2
-2
2
-2
2
2
2
-0.775384089343021
2
-0.663358945078257
0.577454055904559
-2
2
2
0
0
0
0
0
0
0
0
0
0
0
0
0
0
0
0
0
0
0
0
0
0
0
0
0
0
0
0
0
0
0
0
0
0
0
0
0
0
0
0
0
0
0
0
0
0
0
0
0
0
0
-2
-2
-2
2
-2
2
-2
2
-2
2
-2
2
2
2
2
2
-2
-2
-2
2
-2
-2
-2
2
2
-2
-2
2
2
2
2
-2
2
-2
2
-2
-2.2646586750886
0.295991988069112
0.412003352659107
2
2
0
2
0
2
0
0
0
0
0
0
0
0
0
0
0
0
0
0
0
0
0
0
0
0
0
0
0
0
0
0
0
0
0
0
0
0
0
0
0
0
0
0
0
0
0
0
0
0
0
0
-2
-2
-2
-2
2
-2
-1.3644027369793
2
-2
2
2
2
-2
2
-2
-1.61605198189526
2
2
-2
-2
-2
-2
2
-2
-2
2
-2.63888646785766
-2
2
-2
2
2
2
-2
2
-2
2
2
-2
-2
-1.70769282035668
2
0.330008488335726
-2
-2
0
2
0
0
0
0
0
0
0
0
0
0
0
0
0
0
0
0
0
0
0
0
0
0
0
0
0
0
0
0
0
0
0
0
0
0
0
0
0
0
0
0
0
0
0
0
2
-0.948372043866615
-2
-2
2
-2
-2
-2
-2
-0.6464922191466
-2
2
2
2
2
2
2
-2
-2
-2
2
-2
-2
2
-2
-2
-2
-2
0.545581467786154
2
-2
-2
2
-2
2
2
-2
-2
-2
2
-2
-2
2
-2
2
-2
2
-2
2
2
2
0
0
0
0
0
0
0
0
0
0
0
0
0
0
0
0
0
0
0
0
0
0
0
0
0
0
0
0
0
0
0
0
0
0
0
0
0
0
0
0
-0.983072235575983
-2
2
-2
2
-2
2
-2
2
-2
-2
-2
-2
-2
-2
-0.43357910748957
2
2
2
2
-2
2
-2
-2
2
-2
-2
-2
-2
-2
-2
-2
-2
-2
-2
2
2
2
-2
2
-2
2
2
-0.902613478473469
-2
-2.00517740444327
0.0842038659833486
2
2
-2
1.1617125729062
2
2
2
0
0
0
0
0
0
0
0
0
0
0
0
0
0
0
0
0
0
0
0
0
0
0
0
0
0
0
0
0
0
0
0
0
0
0
0
0
-2
2
-2
2
-2
-2
2
2
-2
-0.208188589424659
-2
2
-2
2
-2
2
-2
-2
-2
2
2
2
2
2
-2
-2
-2
-2
-2
-2
-2
-1.90616989174239
-2.95460216809435
-2
-2
2
-2
-2
2
2
2
2
-2
2
2
-2
2
-2
-2
2
-2
0.577454055904559
-2
-2
0
2
0
0
0
0
0
0
0
0
0
0
0
0
0
0
0
0
0
0
0
0
0
0
0
0
0
0
0
0
0
0
0
0
0
0
0
1.17663414049253
-2
2
-2
-2
2
2
-2
2
2
2
-2
-2
0.434618212478866
-2
-2
-2
-2
0.708298651029839
2
-2
2
-2
2
-2
2
2
-2
-0.655679568384685
-2
-2
-2
-2
-2
-2
2
-2
-2
2
-2
2
2
2
-0.575541512208082
2
-2
2
-2
-2
-2
-2
0.0998787476213631
2
1.95759681681843
1.17477298433292
-2
-2
2
2
2
0
0
0
0
0
0
0
0
0
0
0
0
0
0
0
0
0
0
0
0
0
0
0
0
0
0
0
0
0
0
0
2
2
-2
2
2
-2
-2
2
2
-2
2
2
-2
2
2
2
2
-2
2
-2
2
-2
-2
0.757100626047073
2
0.36601384089313
-2
2
-2
2
2
-2
2
-2
-2
-0.146374230490644
2
-2
-2
-2
2
2
2
-2
-2
2
2
-2
2
-2.06192697972709
2
-2.41731383322296
0.981083886122472
2
2
2.14012137918792
0
2
-2
2
2
0
0
0
0
0
0
0
0
0
0
0
0
0
0
0
0
0
0
0
0
0
0
0
0
0
0
0
0
0
0
-2
2
-2
2
-2
2
-2
-2
-1.71432164648756
2
-2
-2
2
-2.18199931815248
2
0.28204450506234
-2
2
2
2
2
-2.27345821027766
2
-2
2
-2
2
-0.0920694324100387
2
-2
2
-2
-2
-2
-2
-2
-2
-2
-2
-2
2
2
-2
2
2
-2
-2
-2
-2
-0.425465615200737
-0.132830006495884
-2
-2
-2
2
2
1.82865414948366
1.41160446304858
2
2
2
2
2
2
0
0
0
0
0
0
0
0
0
0
0
0
0
0
0
0
0
0
0
0
0
0
0
0
0
0
0
-2
2
2
-2
2
-2
-2
-0.936900475677996
2
2
-2
-2
-2
-2
2
-2
2
-2
-2
2
-2
2
-2
2
2
-2
-2
2
-2
-2
-0.082551549642807
-2
2
2
2
2
-2
-2
-2
-2
-2
-2
2
2
2
2
-2
-2
2
-2
-1.42867160411632
-0.794805189905528
-2
-2
-2
-2
2
2.16964503836504
2
2.60045065942765
2
-2
2
2
2
2
0
0
0
0
0
0
0
0
0
0
0
0
0
0
0
0
0
0
0
0
0
0
0
0
0
-2
2
-2
-0.498389083901472
2
2
2
2
-2
-2
2
-2
2
-2
-2
-2
-0.593046888100913
-2
2
2
2
-2
-2
2
-2
2
2
2
-2
2
-2
2
-2
-2
2
-2
-2
-2
2
-1.081081326457
-2
-2
-2
2
2
-2
-2
-2
2
2
-2
-1.2765399630149
-2
-2
2
-2
-2
2
2
0.777032506536382
2
-2
0.776586149152109
2
2
2
2
-2
-2
0
0
0
0
0
0
0
0
0
0
0
0
0
0
0
0
0
0
0
0
0
0
2
-2
2
-2
-2
2
2
0.901147056243946
2
2
2
-2
2
-2
-2
2
-2
-2
-2
-2
-2
-2
-2
-2
-2
2
2
2
2
-2
2
-2
2
2
-2
2
2
-2
-2
-1.06400027181363
2
-2
2
2
0.0784704051676629
2
2
2
-2
-2
2
-0.555523555478129
-2
-2.04843574021167
-2
-2
-2
2
2
-2
2
-2
2
-2
2
2.6333316973797
2
2
2
2
-2
-2
0
0
0
0
0
0
0
0
0
0
0
0
0
0
0
0
0
0
0
-2
-2
2
2
-2
2
2
2
2
-2
-2
2.58130028158758
2
2
2
2
-2
2
-2
2
-2
-2
-2
-2
-2
-2
2
2
-2
2
2
2
2
-2
2
-2
2
-2
-2
2
2
-2
-2
2
2
2
-2
2
2
-2
2
-2
2
-2
-2
2
-2
2
2.09388002971381
-2
2
2
-2
-2
2
-2
2
1.15266442757622
2
2
2
-2
2
0
0
0
0
0
0
0
0
0
0
0
0
0
0
0
0
0
0
2
-2
-2
-2
-2
-2
-2
2
2
2
2
2
-2
0.0924792627448836
2
-2
2
-2
-2
2
-2
-2
-2
-2
-2
-2
-2
-2
2
-2
2
-2
2
2
-2
2
-2
2
-2
-2
-2
-2
2
2
-2
2
-2
2
-0.204044103480771
-2
-0.278904350778312
-2
-0.768481473786951
-2
2
-2
2
2
-2
1.43526017068985
-2
-2
2
2
2
-2
2
-2
2
2.61418616456802
2
2
2
2
2
0
0
0
0
0
0
0
0
0
0
0
0
0
0
0
0
-2
-2
-2
-2
2
-2
-2
-2
-2
2
-2
2
-2
2
-2
2
2
2
2
2
-2
2
2
2
2
-2
-2
-2
-2
-2
-2
2
2
2
2
2
2
-2
2
-2
-2
-2
-2
2
2
2
2
-2
2
2
-2
2
-2
2
2
-2
2
2
2
0.101334802435868
2
-0.888082352936556
-2
-2
2
-2
-2
-2
2
-2
2
0.41272629442666
-2
2
2
2
2
0
0
0
0
0
0
0
0
0
0
0
0
0
0
2
2
-2
-2
2
-2
-2
-2
-2
2
-2
-2
-2
2
-2
-2
2
-2
2
2
2
2
2
2
-2
2
2
2
2
-2
-2
2
-2
-2
-2
-2
-2
-2
2
2
-2
-2
2
2
-2
2
-2
-2
-2
-2
-2
2
-2
-2
-2
2
2
2
2
-2
-2
2
-2
-2
-2
-2
2
2
2
2
0.500880414323301
2
2
-2
-2
2
-2
2
2
0
0
0
0
0
0
0
0
0
0
0
0
-2
2
2
2
2
2
-2
2
2
-2
-2
2
2
-2
-2
-2
2
-2
-2
2
2
0
2
0.228588017759163
2
-2
2
2
-2
-2
2
2
2
2
-2
2
-2
-2
-2
-2
-2
-2
2
-2
2
2
-2
-2
-2
-2
-2
-2
2
2
2
-2
2
2
2
2
-2
2
-2
-2
2
-2
2
-2
-2
-0.169906539952136
-2
2
2
-2
2.56383726598572
-2
-2
2
-2
2
2
0
0
0
0
0
0
0
0
0
0
-2
-2
2
-2
-2
-2
-2
-2
-2
2
2
2
2
2
2
-2
2
-2
2
-2
-2
-2
2
-2
-2
-2
2
-2
2
-2
-2
2
2
-2
2
-2
0.769371397169971
2
-2
2
-2
-2
-2
2
-2
0.158748799982542
-2
2
-2
2
2
2
2
2
2
-2
-2
-2
2
-2
2
2
2
2
2
2
-2
2
2
-2
-2
-2
-2
2
-0.273377535819848
-2
-2
2
-2
2
2
2
0
0
0
0
0
0
0
0
0
-2
2
2
-2
2
-2
2
-2
2
-2
2
-2
-2
-2
-2
-2
2
-2
-2
2
-2
2
-2
2
2
2
-2
2
-2
-2
0.411487200894429
2
2
-2
-2
-2
2
-2
-2
2
2
2
-2
2
-2
2
-2
-2
-2
2
2
1.00122928392694
1.85841811677388
-2
2
-2
-2
2
2
2
-2
-2
-2
-2
2
-2
-2
1.95131337969783
-2
2
2
-2
-2
-0.603567062507805
-2
-2
-0.0889103628186841
2
2
2
2
2
2
2
0
0
0
0
0
0
0
2
-2
2
-2
-2
-2
-2
-2
-2
-2
-2
-2
-2
2
2
2
-2
2
2
-2
-2
2
2
2
2
-2
2
2
2
2
-2
2
2
-2
-2
-2
-2
-2
-2
-2
-2
0.547041823135057
-2
-2
-2
2
-2
2
2
-2
-2
2
2
-2
-2
-2
2
-2
2
-2
2
2
-2
2
-2
-2
-2
-2
2
-2
2
-2
2
-2
-1.66876420186129
-2
-1.04755809964364
-2
2
2
2
-2
-2
-2
2
0
0
0
0
0
0
-2
-2
2
-2
2
2
2
-2
-2
2
2
2
-2
2
2
-2
2
-2
2
-2
2
2
2
-2
2
2
-2
-2
2
-2
-2
2
2
-2
2
2
2
2
2
-2
-2
-2
2
-2
2
2
2
2
2
-2
-2
2
-2
-2
-2
-2
-1.41226883662095
2
2
2
-2
-2
-2
-2
2
-2
2
-2
-2
-2
-2
-2
2
-2
-2
-2
-2
-2
-2
-2
2
2
2
-2
-2
-2
0
0
0
0
0
-2
2
2
-2
-2
-2.15205583698691
2
-2
2
-2
-2
-2
2
2
2
-2
-2
2
-2
-2
-2
-2
2
-2
2
-2
2
2
-2
2
2
-0.0119964848876718
-2
2
-2
-2
2
-2
-2
2
2
2
2
2
-2
2
-2
2
2
2
2
2
2
2
2
-2
-2
-2
-2
-2
2
2
-2
-2
2
-2
-2
2
-2
-2
-2
2
-2
-2
-2
-2
-2
-2
-2
2
-2
-2
2
2
-2
-2
-2
0
0
0
0
2
-2
-2
2
-2
2
2
-2
-2
2
-2
2
2
-2
2
-2
2
-0.163124878321689
-2
-2
2
-2
2
-2
-2
2
-2
-2
-2
2
2
2
2
-2
2
2
-2
-2
-2
2
2
-2
-2
2
2
2
-2
-2
2
0.428651128388853
2
2
2
2
2
2
2
-2
2
-2
-2
-2
2
2
2
-2
-2
-2
-2
-2
2
1.07702342080875
-2
-2
-2
-2
2
-2
2
2
-2
2
2
-2
2
-2
2
0
0
0
0
-2
-2
-2
-2
2
-2
-2
2
-2
2
2
2
2
2
-2
-2
-2
2
-2
2
-2
2
2
2
-2
-2
-2
-2
2
2
-2
-2
2
2
2
2
-2
2
2
-2
2
-2
-2
-2
2
-2
2
-2
2
-2
-2
2
2
2
2
2
2
2
-2
-2
1.7469341760941
-2
2
-2
-2
-2
-2
-2
-2
-2
2
-2
2
-2
-2
-2
2
-2
-2
-2
2
-2
-2
-2
2
-2
-2
2
2
0
0
2
2
-2
-2
2
-2
2
-2
-2
-2
-2
-2
-2
-2
-2
-2
-2
2
2
-2
-2
2
-2
-2
2
2
-2
-0.129379752148468
-2
2
2
-2
-2
2
2
-2
-2
2
-2
-2
2
-2
2
2
1.12963096496297
2
-2
-2
-2
-2
2
-2
0.574684000995841
-2
-2
-2
-2
2
2
2
2
-2
2
-2
-2
2
2
-2
-2
-2
2
2
2
-2
-2
2
-2
2
2
2
-2
-2
-2
2
-2
-2
-2
2
2
0
0
-2
-2
2
2
2
2
2
2
2
2
2
2
-2
-0.120101613171107
-2
2
2
-2
-2
-2
-2
-2
-2
2
-0.654421797077533
-2
-2
2
-2
-2
2
2
2
-2
2
-2
-2
-2
2
2
2
2
-2
-2
-2
-2
2
-2
2
-2
2
2
-2
-2
-1.24691411268797
-2
-2
2
-2
2
2
-2
2
-2
2
-2
-2
2
-0.307633541411422
2
2
-2
-2
2
2
2
2
2
2
2
-2
2
2
2
-2
-2
-2
-2
-2
0
0
-2
2
2
-2
-2
-2
-2
-2
-2
2
-2
-2
-2
2
2
2
-2
2
-2
-2
2
-2
-2
2
-2
2
-2
2
-2
-2
2
-0.98255728864596
2
-2
2
2
2
-2
2
2
2
2
2
-2
-2
-2
-2
-2
-2
-2
2
2
2
-2
-2
-2
2
2
2
2
-2
-2
2
-2
2
-2
-2
-0.880363945627153
-1.26235885175026
-2
-2
2
2
-2
2
-2
2
2
2
2
-2
-2
2
-2
-2
2
2
-2
-2
0
0
-2
-2
-2
-2
2
2
-2
-2
-2
-2
2
2
2
-2
2
2
-2
2
2
-2
0.514795101054517
-2
2
2
2
2
2
2
-2
-2
-2
-2
-0.929375776401384
-2
-2
-2
2
-2
-2
2
2
2
2
2
-2
-2
-2
2
-2
-2
2
2
-2
2
-2
2
-2
-2
2
2
2
2
2
2
-2
2
2
-2
-2
2
2
-2
-2
-2
2
-2
-2
-2
-2
-2
-2
-2
-2
2
-2
2
2
2
2
0
0
-2
2
2
2
-2
-2
2
2
2
2
2
2
2
-2
2
-2
-2
2
-2
2
-2
2
-2
-2
-2
2
2
2
-2
-2
2
-2
-2
2
2
2
-2
-2
-2
-2
2
-2
-2
-2
2
2
-2
-2
-2
2
-2
2
2
2
2
2
-2
2
2
2
2
2
2
2
2
-2
2
-2
-2
2
2
-2
-2
2
-2
-2
-2
-2
2
-2
2
0.745852358197728
-2
2
2
-2
2
-2
-2
0
0
-2
2
-2
2
-2
2
-2
-2
-2
2
-2
-2
2
2
2
2
2
2
2
2
-2
-2
2
2
-2
-2
-2
-2
-2
-2
-2
-1.2219054403321
-2.64264462273366
-2
2
-2
2
-2
-2
2
-2
-2
-2
-2
2
2
2
2
-2
-2
2
-2
-2
-2
2
2
-2
2
2
-2
2
2
2
2
2
-2
2
2
2
2
2
-2
2
2
2
2
-2
2
-2
-2
-2
2
2
2
2
-2
2
-2
-1.15983356553086
0
0
2.08978992855431
2
2
2
2
2
-2
-2
2
2
-2
2
-2
-2
-0.420669338702538
-2
-2
2
-2
-2
-2
2
2
-2
2
2
2
2
2
-2
-2
2
-0.210852308977408
-2
2
2
-2
2
2
-2
-2
-2
-2
2
-2
-2
2
-2
2
-2
-2
2
2
2
-2
-2
-2
2
2
2
-2
-2
-2
-2
2
2
2
2
-2
2
-2
2
-2
-2
2
-2
-2
-2
-2
-2
-2
2
-2
-2
-2.05128277631804
2
-2
2
-2
0
0
2
-2
-2
-2
-2
2
2
-2
2
-2
2
2
-2
-2
-2
2
-2
-2
-2
2
-2
-2
-2
-2
-2
-2
-2
2
2
-2
-2
-2
-2
2
2
-0.568862144359808
2
-2
2
-2
-2
-2
-2
-2
-2
-2
2
2
-2
-2
2
-2
-2
2
-2
-2
-2
-2
2
2
-2
-2
-2
2
2
2
-2
-2
2
-2
-2
2
2
2
2
2
-2
-2
2
-2
2
-2
-2
2
-2
2
-2
-2
2
0
0
-2
2
-2
-2
2
-2
-2
-2
2
2
-2
-2
-2
2
2
2
2
2
2
2
-2
-2
-2
2
-2
-2
-2
2
2
2
-2
2
2
2
2
-2
2
2
2
-2
-2
2
2
-2
-2
-2
-2
-2
2
2
2
-2
-2
-2
-2
2
-2
-2
2
-2
-2
2
-2
2
-2
-2
-2
-2
-2
-2
2
2
2
2
-2
-2
-2
2
-2
2
2
-2
2
2
2
2
2
-0.0279803598104251
-2
0
0
-2
-2
-2
-2
-2
-2
-2
-2
-2
-2
-2
2
-2
-2
-2
2
2
-2
-2
2
-2
2
2
-2
-2
-2
-2
2
2
2
2
2
-2
2
-2
2
2
2
2
2
2
-2
2
-2
-2
-2
2
-2
-2
2
-2
-2
2
-2
2
-2
2
2
-2
2
2
2
-2
2
-2
2
-2
-2
-2
-2
2
2
-2
2
2
2
-2
-2
-2
-2
-2
2
-2
-2
-2
2
2
-2
-2
0
0
2
2
-2
2
2
-2
-2
2
2
2
-2
2
2
-0.711772338952022
-2
-2
2
2
2
-2
-2
2
2
2
-2
-2
-2
-2
-2
2
-2
2
-2
2
-2
2
2
2
2
2
-2
-2
-2
2
-2
2
-2
-2
2
2
-2
2
2
2
-2
2
2
-2
0.347471783117588
-2
2
-2
-2
2
2
-2
-2
-2
-2
2
2
-2
2
2
2
-2
2
2
-2
2
2
-2
2
-2
-2
-2
-2
-2
2
0
0
2
-2
2
-2
-2
-2
-2
-2
-2
2
-2
-2
-2
-2
-2
-2
2
2
-2
-2
2
2
-2
2
2
-2
2
2
2
-2
-2
-2
-2
2
-2
-2
-2
2
2
-2
2
-2
2
2
-2
2
2
2
-2
-2
2
2
2
2
-2
-2
-2
-2
2
-2
-2
-2
2
-2
2
2
-2
-2
0.684103968617466
-2
2
2
2
-2
-2
0.496109066157277
2
-2
-2
2
2
-2
-2
-2
-2
-2
-2
-2
2
0
0
2
2
2
-2
2
-2
-2
-2
2
-2
2
-2
2
-2
-2
2
-2
2
-2
-2
2
2
-2
2
2
2
-2
2
2
-2
2
-2
2
2
-2
-2
2
2
-2
2
-2
-2
2
-2
2
-2
-2
-2
-2
2
2
2
-2
-2
2
-2
-2
-2
2
2
-2
2
2
2
-2
-2
-2
-2
-2
-2
2
-2
-2
2
-2
-2
-2
-2
2
2
-2
-2
2
-2
-2
-2
2
2
2
0
0
-2
2
2
-2
-2
-2
2
-2
-2
-2
2
-2
-2
-2
2
-2
2
-2
-2
-2
2
-2
-2
-2
2
2
-2
-2
2
-2
-2
-2
2
-2
-2
-2
2
2
2
-2
2
-2
-2
2
2
2
-2
-2
-2
-2
2
2
-1.4458757434137
-2
-2
-2
2
-2
2
-2
2
-2.52228606857065
2
2
2
-2
-2
2
-2
-2
-2
-2
-2
-2
-2
-2
-2
-2
2
-2
-2
-2
2
-2
-2
-2
-2
-2
-2
0
0
-2
-2
2
-2
2.21155842115656
2
-2
2
2
2
2
2
-2
-2
2
2
-2
2
2
-2
-2
2
2
-2
-2
-2
2
-2
2
-2
2
-2
2
-2
-2
2
2
2
-2
-2
2
2
-2
2
-2
2
-2
2
-2
2
-2
-2
-2
2
2
-2
2
2
-2
2
2
-2
-2
-2
-2
-2
2
2
2
2
2
2
2
2
2
-2
2
2
-2
2
2
-0.576941107845821
2
-2
2
-0.0729426233149806
2
-2
-2
0
0
2
2
2
-2
-2
-2
-2
-2
-2
-2
-2
-2
-2
-2
-2
-2
-2
2
2
2
-2
-2
-2
2
2
-2
2
2
-2
2
-2
2
-2
-2
-2
-2
2
-2
2
-2
-2
2
2
-2
-2
-2
2
-2
-2
-2
2
-2
-2
2
2
2
-2
-2
2
2
-2
2
-2
2
2
2
-2
-2
-2
-2.35180687139325
-2
-2
2
-2
2
-2
-2
2
2
2
2
2
2
-2
-2
2
-2
2
-2
0
0
2
2
-2
-2
2
2
2
2
2
2
2
2
-2
-2
2
-2
2
-2
2
2
-2
2
2
-2
2
-2
2
-2
-2
-2
2
-2
2
-2
-2
-2
-2
-2
2
-2
2
2
2
1.80810338807271
2
2
2
-2
2
2
-2
2
2
-2
2
-2
-2
2
2
2
-2
-2
2
2
2
-2
2
2
2
-2
2
-2
2
2
-2
2
2
-2
-2
-2
-2
-2
2
2
2
-2
2
2
-2
0
0
2
-0.113244663876052
2
-2
-2
2
-2
2
-2
2
2
2
-2
2
-2
-2
-2
-2
2
-2
-2
2
2
-2
2
-2
2
2
2
-2
2
-2
-2
2
2
2
2.41988400767525
0
2
2
2
2
2
-2
2
-2
-2
-2
2
2
-2
-2
-2
-2
-2
2
2
2
2
-2
2
2
-2
2
2
-2
2
-2
2
-2
-2
2
-2
2
-2
-2
2
-2
-2
-2
-2.08630285888896
-2
-2
2
2
-2
2
-2
-2
0
0
2
2
-2
-2
2
2
2
2
2
-2
-2
2
2
-2
2
2
2
2
-2
2
2
2
2
-2
-2
-2
2
-2
-2
2
-2
2
-1.35886794478304
-2
2
-2
2
-2
-2
-2
-2
2
-2
-2
2
2
-2
2
2
-2
-2
-2
-2
-2
2
-2
-2
2
2
2
-2
-2
-2
2
2
-2
-2
2
-2
2
-2
-2
2
-2
2
-2
-2
-2
-2
2
2
2
2
-2
2
-2
-2
-2
2
0
0
2
2
-2
2
-2.84987920678395
-2
2
-2
2
-2
-2
-2
-2
2
-2
-2
-2
2
2
2
2
-2
2
-2
-2
2
-0.531252837064802
-1.38990120285453
-2
-2
2
-2
-2
2
2
-2
2
-2
2
-2
2
-2
-2
2
-2
2
-2
-2
2
2
2
2
-2
2
2
-2
-2
-0.100820937182172
2
2
2
2
2
2
-2
-2
-2
-2
-2
-2
2
-2
2
-2
2
-2
-2
-2
-2
-2
2
-2
-2
2
-2
-2
2
-2
-2
0
0
2
-2
2
2
-2
2
-2
-2
-2
2
2
-2
2
2
-2
-2
-2
-2
-2
-2
2
2
-2
2
-2
-2
2
2
-2
-2
2
2
-2
-2
-2
2
2
-2
-2
-2
-2
2
2
2
2
2
2
-2
2
2
2
2
2
-2
2
-2
2
2
2
2
-2
2
2
-2
2
2
-2
2
2
-2
-2
-2
-2
2
-2
-2
2
-2
-2
2
-2
-2
-2
-2
-2
-2
-2
2
2
0
0
-2
2
2
-2
2
2
2
2
2
2
2
-2
2
2
2
-2
-2
2
2
2
-2
2
-2
2
2
-2
2
-2
-2
-2
-2
-2
2
-2
2
2
-2
-2
2
-2
2
-2
-2
0.00582723097723753
-2
2
-2
2
-2
-2
-2
-2
-2
-2
-2
-2
-2
2
-2
2
-2
2
2
-2
-2
2
2
2
2
-2
0.626466294234911
2
2
-2
-2
-2
-2
2
-2
2
2
2
2
-2
2
2
2
-2
2
0
0
-2
2
0.122369239083524
2
-2
-2
2
-2
2
2
2
2
-2
2
-2
2
2
2
-2
2
-2
2
2
-2
2
2
-2
2
2
2
2
2.00505670483508
2
2
-2
2
2
-2
-2
2
-2
-2
-2
-2
2
2
2
-2
-2
-0.187495943660047
-2
-2
-2
-2
2
-2
2
2
2
-2
2
-2
-2
2
2
2
-2
2
2
-2
2
2
2
-2
-2
2
-2
-2
-2
2
-2
-2
2
2
-2
2
2
-2
2
0
0
-2
2
-2
2
2
-2
2
2
-2
-2
2
-2
-2
2
-2
2
2
2
-2
2
-2
-2
-2
-2
-2
-2
-2
2
-2
2
-2
2
2
2
2
2
2
2
-2
-2
2
-2
-2
-2
-2
0.690360134265469
-2
-1.5073440659425
-2
2
-2
-2
-2
2
2
2
2
-2
-2
2
-2
2
2
2
2
-2
-2
2
2
-2
-2
2
-2
2
-2
2
-2
-2
2
-2
-2
-2
2
-2
-2
-2
-2
2
2
0
0
2
-2
2
-2
2
-2
2
2
2
2
-2
0.295241389503218
-2
-2
-2
2
-2
-0.400180096960897
2
2
2
-2
0
2
-2
-2
-2
2
-2
2
-2
-2
2
-2
-2
2
-2
2
2
2
2
-2
-2
2
2
2
-2
2
2
-2
-2
-2
2
-2
-2
2
2
2
2
2
-2
-2
-2
-2
-2
2
-2
-2
2
2
2
-2
2
-2
-2
2
-2
2
2
-2
-2
-2
2
2
-2
-2
2
-2
2
0
0
2
-2
2
-2
2
-2
2
-2
2
2
2
2
2
2
-2
-2
-2
-2
-2
-2
2
2
2
2
-2
-2
-2
2
2
2
-2
-2
2
2
-2
2
2
2
-2
-2
2
2
2
-2
2
2
-2
2
2
-2
2
2
2
-2
-2
2
2
-2
-2
-2
2
-2
-2
2
2
-2
-2
2
2
2
2
-2
2
-2
-2
2
-2
-2
2
-2
-2
2
2
2
-2
2
2
-2
2
0
0
-2
2
2
2
2
2
2
-2
2
-2
2
-2
-2
2
2
2
2
2
-2
-2
2
-2
-2
2
-2
-2
2
-2
2
2
2
2
-2
2
-2
-2
2
2
2
2
-2
-2
-2
-0.559929268233771
-2
-2
2
-2
-2
2
-2
2
-2
-2
2
2
2
-2
2
2
-2
-2
-2
2
2
2
0.80138244411534
2
-2
-2
2
-2
-2
2
-2
-2
2
-2
2
-2
2
-2
-2
-2
2
-2
-2
-2
-2
0
0
2
2
2
2
2
2
2
-2
-2
-2
-2
2
-2
-2
-2
2
-2
2
-0.23944871257469
-0.903437789129321
-2
2
-2
2
-2
-2
-2
2
2
-2
2
-2
-2
2
-2
-2
2
2
2
-2
2
2
2
2
-2
-2
-2
2
2
2
-2
-2
2
-2
2
2
2
2
2
2
2
2
-2
-2
2
-2
2
-2
2
2
2
2
2
2
-2
2
-2
2
-2
-2
2
2
2
-2
-2
2
2
2
2
0
0
2
2
2
2
-2
-2
2
-2
-2
2
2
-2
2
2
-0.702623114430201
-2
-2
-2
2
-2
-2
-2
-2
2
2
2
2
-2
-2
-2
2
2
-2
-2
-2
2
2
-2
2
2
-2
1.21481897575196
-2
-2
-2
-2
2
2
-2
2
-2
2
0.32947146631051
2
-2
-2
2
-2
-2
2
-2
2
2
2
2
2
2
2
-2
-2
2
-2
-2
-2
-2
2
2
-2
2
-2
-2
-2
2
-2
2
-2
-2
-2
-2
0
0
-2
2
-2
-2
-2
-2
2
2
2
2
2
-2
-2
2
2
-2
2
-2
2
-2
-2
2
-2
-2
-2
2
-2
-0.340063102467814
2
2
-2
-2
-2
-2
2
2
2
-2
-2
2
2
0.785299133731329
-2
-2
2
-2
-2
2
-2
-2
2
-2
2
2
2
-2
-2
2
2
2
2
-2
2
2
2
-2
-2
2
2
2
-2
-2
-2
-2
2
2
-2
-2
2
-2
2
-2
-2
-2
-2
-2
2
-2
-2
0
0
2
-2
-2
2
2
-2
-2
-2
2
-2
-2
2
2
2
2
2
-2
-0.488232507655022
-2
2
2
-2
2
-2
-2
2
2
2
2
2
-2
2
-2
2
-1.59649657624249
-2
2
2
-2
-2
-2
0.672131249110543
2
2
2
-2
-2
-2
-2
2
2
-2
-2
2
-2
2
-2
2
2
-2
2
2
-2
-2
-2
2
2
-2
2
-2
2
2
-2
2
-2
-2
-2
-2
2
-2
2
-2
-2
2
2
-2
-2
-2
2
0
0
2
-2
-2
2
2
2
2
2
2
2
-2
-2
2
-2
2
2
-0.166190265576591
2
-2
-2
-2
2
-2
-2
-2
-2
2
2
-2
-2
-2
2
2
-2
-2
-2
2
2
2
2
-2
2
-2
2
-2
2
2
-2
-2
2
2
-2
2
2
-2
-2
-2
-2
2
2
-2
-2
-2
-2
-2
-2
2
2
2
2
2
-2
-2
-2
-2
-2
2
-2
-2
-2
-2
2
2
2
-2
-2
-2
2
2
0
0
2
2
2
-2
-2
-2
2
2
-2
-2
2
-2
2
2
2
-2
0.865006058274819
2
2
-2
-2
-2
2
2
-2
-2
-2
-2
2
2
2
-2
-2
-2
2
-2
-2
2
2
2
2
2
-2
-2
2
2
2
-2
-2
-2
-2
2
-2
-2
-2
-2
-2
-2
-2
2
2
2
-2
-2
2
2
2
-2
2
-2
2
2
2
-2
2
-2
-2
-2
2
-2
-2
-2
2
-2
2
2
2
2
2
0
0
-2
-2
2
2
2
2
2
2
2
2
-2
2
2
2
-2
2
2
-2
-2
2
-2
2
2
2
-2
2
2
-2
-2
2
2
-2
-2
-2
-2
-2
-2
-2
2
2
-2
-2
2
2
2
2
-2
-2
-2
-2
-2
-2
2
-2
-2.85126934845937
2
-2
-2
2
-2
2
2
2
-2
-2
2
2
-2
-2
2
2
-2
2
2
2
-2
2
2
-2
-2
2
2
2
-2
-2
-2
2
0
0
0
0
2
2
-2
2
-2
2
-2
2
2
2
2
2
2
-2
2
2
-2
-2
-2
-2
-2
2
2
-2
-2
-2
2
2
-2
-2
2
-2
-2
-2
2
2
2
2
2
2
2
-1.22187554141274
2
-2
2
-2
-2
-2
-2
2
2
2
2
-2
-2
2
2
-2
-2
-2
2
2
2
-2
-2
2
-2
-2
-2
2
2
2
-2
-2
-2
-2
-2
2
2
2
2
-2
2
2
2
2
-2
0
0
0
0
-2
2
2
2
1.35528112238832
-2
0.62685561143811
2
-2
2
-2
-2
2
2
2
-2
-2
-2
2
-2
2
-2
-2
2
-2
-2
2
2
-2
-2
2
2
2
-2
-2
-2
2
-2
-2
2
-2
-2
2
-2
2
2
-2
2
2
-2
-2
2
-2
2
2
2
2
-2
-2
-2
-2
2
2
-2
-2
-2
-2
-2
2
2
2
-2
-2
-2
-2
-2
-2
2
2
1.71922993008501
2
2
-2
-2
-2
-2
0
0
0
0
0
-2
2
-2
2
2
2
2
2
-2
2
2
2
2
-2
2
2
-2
-2
-2
-2
-2
-2
-2
2
2
2
2
2
-2
2
-2
-2
-2
-2
-2
-2
2
-2
2
-2
2
-2
2
-2
-2
-2
2
2
2
-0.898129125736366
2
2
-2
2
2
-2
-2
2
-2
-2
-2
2
2
-2
2
-2
-2
-2
-2
2
-2
-2
-2
-2
-2
2
2
1.50799325872937
2
-2
2
-2.75813948931015
-2
-2
-0.8546466431267
0
0
0
0
0
0
-2
2
-2
2
2
2
-2
2
-2
-2
-2
-2
2
2
-2
2
2
2
2
-2
-2
-2
2
2
-2
2
2
2
-2
2
-2
-2
2
-2
2
2
-2
2
2
2
-2
-2
2
2
2
2
-2
2
-2
-2
-2
2
-2
-2
-2
-2
2
2
2
-2
2
-2
2
-2
2
-2
-2
-2
-2
-2
2
-2
-2
-2
-2
-2
-2
-2
2
-2.32828796374536
-2
-2
2
-0.985581895816108
0
0
0
0
0
0
0
2
2
2
2
2
-2
-2
2
2
2
2
-2
-0.426639384776888
2
2
-2
-2
2
-2
-2
-2
2
-2
-2
2
-2
-2
2
2
2
-2
2
2
-2
2
-2
2
2
-2
-2
-2
-2
2
-2
2
2
2
-2
-2
-2
-2
-2
-2
-2
0.446199127155685
-2
-2
2
2
-2
-2
-2
-2
-2
2
-2
-2
-2
2
-2
-2
2
-2
-2
2
2
2
-2
-2
-2
2
2
0
0
0
0
0
0
0
0
0
-2
2
-2
-2
2
-2
-2
-2
-2
2
2
2
2
-2
2
2
2
-2
2
2
2
-2
-2
-2
2
2
2
2
2
-2
-2
-2
2
2
2
-2
2
-2
-2
-2
-2
2
2
-2
-2
2
-2
-2
-2
2
-2
2
2
-2
2
2
-2
2
-2
2
-2
-2
-2
-0.0215308455394047
2
-2
-2
-2
-2
2
2
-2
2
2
-2
2
2
-2
-2
2
2
0
0
0
0
0
0
0
0
0
0
-2
2
-2
2
-2
2
2
2
2
-2
-2
2
2
2
2
-2
2
2
2
-2
-2
2
2
2
2
2
2
2
-2
-2
-2
2
2
-2
-2
-2
2
-0.562147731967992
2
-2
-2
-2
-2
-2
2
2
2
-2
-2
2
-2
-2
2
2
-2
-2
-2
-2
-0.350462867741639
2
-2
-2
-2
-2
-2
2
2
-2
-2
-2
2
-2
-2
2
2
2
2
-0.153523085836849
-0.153523085836849
0
0
0
0
0
0
0
0
0
0
0
0
-2
-2
2
2
2
2
-2
-2
2
-2
2
-2
2
-2
2
-2
-2
-2
2
2
2
2
2
2
2
2
2
-2
-2
-2
-2
-2
-2
-2
2
-2
2
-2
-2
-2
-2
-2
-2
2
-2
-2
2
-2
2
-2
2
-2
-2
-2
-2
2
2
-2
2
-2
2
2
-2
2
-2
2
-2
-2
-2
-2
2
2
-2
2
2
-0.153523085836849
-2
0
0
0
0
0
0
0
0
0
0
0
0
0
0
2
2
-2
-2
2
2
-2
2
2
-2
2
2
-2
2
-2
-2.02488837200667
2
-2
-2
2
2
-2
2
2
-2
-2
-2
-2
-2
-2
-2
-2
2
-2
-2
-2
-2
-2
-2
-2
2
2
-2
-2
-2
2
-2
2
2
-2
-2
-2
-2
2
2
-2
2
-2
-2
-2
2
-2
-2
2
2
-2
2
-2
2
2
-2
-2
2
2
-2
0
0
0
0
0
0
0
0
0
0
0
0
0
0
0
0
2
0.603587475238859
2
-2
2
-2
2
2
2
2
2
2
-2
2
-2
-2
2
2
2
-2
-2
2
2
-2
-2
-2
-2
-2
-2
2
-2
-2
2
-2
-2
-2
-2
-2
2
-2
-0.624544106768365
2
-2
2
2
2
-2
-2
2
2
-2
-2
2
-2
2
2
2
-2
2
2
-2
2
-2
2
2
2
2
2
2
2
2
2
-2
0
0
0
0
0
0
0
0
0
0
0
0
0
0
0
0
0
0
2
2
-2
-2
2
-2
2
-2
2
-2
2
-2
-2
2
2
2
-2
-2
2
2
-2
-2
-2
-2
-2
2
2
-2
-2
-2
2
-2
-2
-2
-2
-2
2
-1.64477035582983
2
2
-2
-2
-2
2
-2
2
-2
-2
-2
-2
-2
2
2
2
2
2
-2
2
2
-2
-2
2
-2
-2
2
2
2
2
-2
2
2
2
0
0
0
0
0
0
0
0
0
0
0
0
0
0
0
0
0
0
0
-2
-2
-2
-2
2
2
2
-2
2
-2
2
2
-2
-2
-2
2
2
2
-2
-2
-2
2
2
-2
-2
-2
-2
-2
-2
2
-2
-2
2
-2
-2
-1.29736857472716
2
2
-2
2
2
-2
-2
-2
-2
2
-2
-2
-2
2
2
2
2
2
1.18039174481729
-2
2
-2
2
2
2
-2
-2
2
2
2
-2
2
2
0
0
0
0
0
0
0
0
0
0
0
0
0
0
0
0
0
0
0
0
0
0
2
2
2
2
-2
-2
2
2
2
-2
-2
2
-2
2
-2
-2
-2
-2
-2
-2
2
-2
2
-2
2
-2
-2
2
2
2
-2.71530454703329
2
-2
2
2
-2
-2
2
-2
2
-2
-2
-2
-2
2
-2
2
-2
2
2
2
2
2
2
2
2
-2
-2
-2
2
-2
-2
2
2
2
2
0
0
0
0
0
0
0
0
0
0
0
0
0
0
0
0
0
0
0
0
0
0
0
0
0
-2
-2
2
-2
2
-2
-2
-2
2
-2
2
-1.44748715989376
-2
-2
-2
-2
2
2
-2
-2
-2
2
-2
2
-2
2
2
2
2
2
-2
2
2
-2
-2
-2
2
2
2
2
2
2
-2
-2
2
-2
2
2
2
2
2
2
-2
-2
-2
-2
-2
2
-2
2
2
2
2
-2
0
0
0
0
0
0
0
0
0
0
0
0
0
0
0
0
0
0
0
0
0
0
0
0
0
0
0
2
2
-2
-2
2
-2
2
-2
2
-2
-2
-2
2
-2
2
2
-2
-2
-2
2
-2
2
-2
2
2
-2
-2
-2
-2
2
-2
2
-2
2
2
-2
2
-2
2
2
-2
-2
2
2
2
2
2
2
2
2
-0.588128662605924
-2
2
2
-2
2
0
-2
2
-0.173758149935119
2
0
0
0
0
0
0
0
0
0
0
0
0
0
0
0
0
0
0
0
0
0
0
0
0
0
0
0
0
0
0
2
-2
2
2
-2
-2
-2
2
-2
0.973053849757805
-2
-2
2
-2
2
-2
-2
-2
-2
-2
2
-2
2
2
2
-2
2
2
-2
2
2
-2
2
2
2
2
-2
2
-2
2
2
2
2
2
2
2
2
2
-2
-2
2
-2
-2
-2
2
2
-2
2
-2
-2
0
0
0
0
0
0
0
0
0
0
0
0
0
0
0
0
0
0
0
0
0
0
0
0
0
0
0
0
0
0
0
-2
-2
-2
-2
-2
2
2
2
2
-2
2
-2
2
-2
-2
2
2
2
-2
2
2
2
-2
-2
-2
2
-2
2
2
-2
-2
-2
2
-2
2
-2
2
-2
2
2
2
-2
2
2
2
-2
-2
2
-2
2
-2
2
-2
2
0
-2
0
0
0
0
0
0
0
0
0
0
0
0
0
0
0
0
0
0
0
0
0
0
0
0
0
0
0
0
0
0
0
0
0
0
0
-2
2
-2
2
2
-2
2
-2
2
-2
-2
-2
-2
2
-2
-1.62692132020737
-2
2
-2
2
-2
-2
2
2
2
2
2
2
-2
2
2
2
-2
-2
2
2
2
2
2
-2
2
2
2
2
-2
2
-2
2
-2
2
-2
-2
-2
-2
0
0
0
0
0
0
0
0
0
0
0
0
0
0
0
0
0
0
0
0
0
0
0
0
0
0
0
0
0
0
0
0
0
0
0
0
0
-2
-2
2
-2
-2
-2
-2
-2
-2
2
2
-2
2
-2
2
2
2
-2
2
2
2
2
-2
2
2
-2
2
2
2
-2
-2
2
2
2
2
2
2
2
-2
2
-2
-2
-2
2
-2
2
-2
2
-1.96449423900825
-2
-2
0
0
0
0
0
0
0
0
0
0
0
0
0
0
0
0
0
0
0
0
0
0
0
0
0
0
0
0
0
0
0
0
0
0
0
0
0
0
0
0
2
-2
-1.8921395128001
2
-2
-2
-2
2
2
2
-2
2
2
2
-2
2
-2
2
2
2
-2
-2
-2
-2
2
-2
2
-2
2
2
2
2
2
2
-2
2
2
-2
2
-2
2
2
-2
2
-2
0
-2
0
0
0
0
0
0
0
0
0
0
0
0
0
0
0
0
0
0
0
0
0
0
0
0
0
0
0
0
0
0
0
0
0
0
0
0
0
0
0
0
0
0
0
0
-2
-2
2
2
2
2
-2
2
-2
2
2
-1.86672078858929
2
2
2
2
2
-2
-2
-2
-2
2
2
2
2
2
-2
2
2
2
2
2
-2.57983098947374
2
2
-2
-2
-2
2
2
-2
0
-1.96449423900825
0
-2
0
0
0
0
0
0
0
0
0
0
0
0
0
0
0
0
0
0
0
0
0
0
0
0
0
0
0
0
0
0
0
0
0
0
0
0
0
0
0
0
0
0
0
0
0
0
-2
2
-2
2
-2
2
-2
2
2
2
-2
2
-2
2
2
2
-2
2
-2
2
2
-2
2
2
-2
2
2
2
2
-2
-2
2
-2
2
2
-2
2
2
-2
2
0
0
0
0
0
0
0
0
0
0
0
0
0
0
0
0
0
0
0
0
0
0
0
0
0
0
0
0
0
0
0
0
0
0
0
0
0
0
0
0
0
0
0
0
0
0
0
0
0
0
0
-2
2
-2
2
2
2
2
-2
-2
2
-2
-2
-2
-2
-2
2
2
2
2
2
2
2
2
-2
2
2
-2
-2
-2
2
-2
2
2
-2
2
2
-2
-2
0
0
0
0
0
0
0
0
0
0
0
0
0
0
0
0
0
0
0
0
0
0
0
0
0
0
0
0
0
0
0
0
0
0
0
0
0
0
0
0
0
0
0
0
0
0
0
0
0
0
0
0
0
2
2
-2
-2
-2
-2
2
-2
2
-2
-2
2
2
2
2
2
2
2
2
-2
2
2.2049227435751
2
2
-2
2
2
2
-2
2
2
2
0
2
0
0
0
0
0
0
0
0
0
0
0
0
0
0
0
0
0
0
0
0
0
0
0
0
0
0
0
0
0
0
0
0
0
0
0
0
0
0
0
0
0
0
0
0
0
0
0
0
0
0
0
0
0
0
0
0
0
-2
-2
2
2
-2
-2
-2
-2
2
2
2
2
2
2
-2
2
2
2
-2
2
-2
-2
2
2
2
2
-2
2
2
-2
-2
0
0
0
0
0
0
0
0
0
0
0
0
0
0
0
0
0
0
0
0
0
0
0
0
0
0
0
0
0
0
0
0
0
0
0
0
0
0
0
0
0
0
0
0
0
0
0
0
0
0
0
0
0
0
0
0
0
0
0
0
-2
-2
-2
2
-2
2
2
-2
2
-2
2
2
-2
-2
-2
2.52088612645368
-2
2
-2
2
2
2
-2
2
2
-2
2
0
0
0
0
0
0
0
0
0
0
0
0
0
0
0
0
0
0
0
0
0
0
0
0
0
0
0
0
0
0
0
0
0
0
0
0
0
0
0
0
0
0
0
0
0
0
0
0
0
0
0
0
0
0
0
0
0
0
0
0
0
0
0
0
2
-2
2
2
2
-2
2
2
2
-2
-2
-2
2
-2
2
2
2
0
2
-2
2
0
2
0
0
0
0
0
0
0
0
0
0
0
0
0
0
0
0
0
0
0
0
0
0
0
0
0
0
0
0
0
0
0
0
0
0
0
0
0
0
0
0
0
0
0
0
0
0
0
0
0
0
0
0
0
0
0
0
0
0
0
0
0
0
0
0
0
0
0
0
0
0
0
0
0
0
0
0
0
0
0
0
0
0
0
0
0
0
0
0
0
0
0
0
0
0
0
0
0
0
0
0
0
0
0
0
0
0
0
0
0
0
0
0
0
0
0
0
0
0
0
0
0
0
0
0
0
0
0
0
0
0
0
0
0
0
0
0
0
0
0
0
0
0
0
0
0
0
0
0
0
0
0
0
0
0
0
0
0
0
