     0.092000
     0.098200
     0.104400
     0.110600
     0.116800
     0.123000
     0.129200
     0.135400
     0.141600
     0.147800
     0.154000
     0.160200
     0.166400
     0.172600
     0.178800
     0.185000
     0.191200
     0.197400
     0.203600
     0.209800
     0.216000
     0.222200
     0.228400
     0.234600
     0.240800
     0.247000
     0.253200
     0.259400
     0.265600
     0.278000
     0.284200
     0.290400
     0.296600
     0.302800
     0.309000
     0.315200